Gain
18
FMax
0
FMin
0
Beamwidth
0
Electrical
2
Horizontal	360
0	0
1	0
2	0
3	0.02
4	0.03
5	0.06
6	0.07
7	0.11
8	0.16
9	0.21
10	0.26
11	0.32
12	0.39
13	0.46
14	0.54
15	0.63
16	0.71
17	0.88
18	1.33
19	1.42
20	1.32
21	1.27
22	1.39
23	1.51
24	1.69
25	1.82
26	1.96
27	2.11
28	2.31
29	2.47
30	2.62
31	2.82
32	2.97
33	3.2
34	3.4
35	3.61
36	3.77
37	4.02
38	4.23
39	4.46
40	4.7
41	4.91
42	5.14
43	5.4
44	5.63
45	5.86
46	6.08
47	6.39
48	6.7
49	6.92
50	7.18
51	7.46
52	7.75
53	8.11
54	8.35
55	8.66
56	8.96
57	9.26
58	9.66
59	9.93
60	10.33
61	10.64
62	10.99
63	11.38
64	11.76
65	12.12
66	12.47
67	12.84
68	13.25
69	13.65
70	14.02
71	14.41
72	14.72
73	15.19
74	15.61
75	15.98
76	16.33
77	16.76
78	17.15
79	17.51
80	17.95
81	18.41
82	18.85
83	19.27
84	19.79
85	20.22
86	20.7
87	21.13
88	21.75
89	22.13
90	22.82
91	23.29
92	23.91
93	24.61
94	25.24
95	25.92
96	26.58
97	27.32
98	28.1
99	29.04
100	29.84
101	30.83
102	31.66
103	32.66
104	33.84
105	35.09
106	36.35
107	37.56
108	39.15
109	40.92
110	42.8
111	44.66
112	45.77
113	47.86
114	48.23
115	47.52
116	46.25
117	44.38
118	42.9
119	41.2
120	40.27
121	39.01
122	37.98
123	37.06
124	36.2
125	35.66
126	35.02
127	34.38
128	33.93
129	33.47
130	33.09
131	32.81
132	32.64
133	32.46
134	32.26
135	32.19
136	32.25
137	32.21
138	32.35
139	32.45
140	32.56
141	32.77
142	32.94
143	33.12
144	33.41
145	33.65
146	33.93
147	34.14
148	34.51
149	34.82
150	35.24
151	35.66
152	35.9
153	36.45
154	36.9
155	37.43
156	37.93
157	38.48
158	39.34
159	40.04
160	40.51
161	41.29
162	41.68
163	42.11
164	42.32
165	42.21
166	42.02
167	41.83
168	41.49
169	40.87
170	40.52
171	40.04
172	39.4
173	38.8
174	38.1
175	37.89
176	37.23
177	36.74
178	36.35
179	35.98
180	35.71
181	35.52
182	35.37
183	35.37
184	35.31
185	35.4
186	35.49
187	35.67
188	35.68
189	35.96
190	36.23
191	36.43
192	36.64
193	36.99
194	37.12
195	37.53
196	37.81
197	38.22
198	38.56
199	39
200	39.52
201	40.03
202	40.55
203	41.18
204	41.76
205	41.75
206	41.78
207	41.18
208	40.43
209	39.6
210	38.88
211	37.92
212	37.14
213	36.3
214	35.78
215	35.33
216	34.66
217	34.29
218	33.96
219	33.68
220	33.43
221	33.12
222	32.88
223	32.73
224	32.58
225	32.44
226	32.27
227	32.15
228	32.03
229	32.02
230	31.9
231	31.86
232	31.69
233	31.64
234	31.58
235	31.43
236	31.44
237	31.26
238	31.21
239	31.1
240	31.02
241	30.94
242	30.95
243	30.93
244	30.95
245	31.08
246	31.19
247	31.33
248	31.54
249	31.84
250	32.29
251	32.77
252	33.32
253	33.8
254	34.55
255	34.72
256	34.9
257	34.84
258	34.25
259	33.59
260	32.62
261	31.5
262	30.34
263	29.01
264	28.05
265	27.03
266	26.02
267	25.24
268	24.4
269	23.66
270	23.03
271	22.36
272	21.74
273	21.19
274	20.7
275	20.14
276	19.68
277	19.21
278	18.74
279	18.23
280	17.72
281	17.31
282	17.04
283	16.79
284	16.42
285	16.07
286	15.68
287	15.32
288	14.96
289	14.58
290	14.28
291	13.88
292	13.47
293	13.17
294	12.77
295	12.41
296	12.1
297	11.68
298	11.36
299	11.02
300	10.68
301	10.22
302	9.79
303	9.57
304	9.27
305	8.94
306	8.64
307	8.33
308	8.03
309	7.7
310	7.43
311	7.12
312	6.83
313	6.56
314	6.29
315	6.03
316	5.78
317	5.53
318	5.3
319	5.02
320	4.8
321	4.58
322	4.34
323	4.14
324	3.9
325	3.7
326	3.51
327	3.31
328	3.13
329	2.92
330	2.73
331	2.58
332	2.41
333	2.25
334	2.09
335	1.93
336	1.8
337	1.66
338	1.53
339	1.4
340	1.28
341	1.15
342	1.05
343	0.95
344	0.84
345	0.74
346	0.65
347	0.56
348	0.47
349	0.4
350	0.34
351	0.28
352	0.22
353	0.19
354	0.13
355	0.1
356	0.07
357	0.04
358	0.02
359	0.01
Vertical	360
0	1.4
1	0.5
2	0
3	0.1
4	0.6
5	1.7
6	3.4
7	5.9
8	9.1
9	13.5
10	20.7
11	29.1
12	25.7
13	24
14	25.5
15	29.9
16	34.1
17	32.6
18	31.6
19	34.1
20	44.5
21	32.7
22	27.3
23	24.8
24	23.8
25	24.2
26	25.8
27	29.6
28	35
29	35.4
30	31
31	29.4
32	29.5
33	30.8
34	32.3
35	32.3
36	30.8
37	29.9
38	29.9
39	30.6
40	30.8
41	29.6
42	27.7
43	26.2
44	25.1
45	24.5
46	24.5
47	24.7
48	25.4
49	26.9
50	29.2
51	33
52	38.9
53	51.8
54	39
55	35.8
56	34.4
57	34.5
58	37.5
59	40.4
60	44.5
61	41.2
62	37.2
63	34.5
64	32.8
65	31.4
66	30.3
67	29
68	27.6
69	26.2
70	24.9
71	23.6
72	22.5
73	21.6
74	20.9
75	20.3
76	19.8
77	19.5
78	19.3
79	19.3
80	19.3
81	19.4
82	19.7
83	20
84	20.4
85	20.9
86	21.3
87	21.9
88	22.4
89	22.9
90	23.4
91	23.8
92	24.3
93	24.8
94	25.2
95	25.7
96	26.2
97	26.7
98	27.1
99	27
100	27.8
101	28.1
102	28.4
103	28.7
104	29.1
105	29.5
106	30
107	30.7
108	31.5
109	32.4
110	33.4
111	34.3
112	35.2
113	36.1
114	37
115	38
116	38.7
117	39.5
118	39.9
119	39.8
120	39.3
121	38.5
122	37.8
123	37.2
124	37
125	37
126	37.3
127	38.1
128	38.9
129	40.2
130	42
131	43.3
132	44.5
133	45.5
134	45.3
135	44.7
136	43.6
137	42.3
138	41.6
139	40.9
140	40.5
141	40.4
142	40.7
143	41.6
144	43.8
145	46.8
146	54.8
147	79.1
148	50.3
149	50.5
150	48
151	49.2
152	52.8
153	56.6
154	55.6
155	47.3
156	43
157	40.4
158	38.6
159	37.9
160	37.5
161	37.6
162	38.5
163	40.2
164	42.6
165	46.7
166	49.2
167	48.4
168	48.4
169	58.2
170	60.5
171	44.1
172	41.2
173	38.8
174	37.9
175	37.8
176	38.3
177	39.9
178	42.2
179	49.9
180	51.6
181	44.5
182	41.4
183	39.8
184	39.6
185	40.4
186	41.6
187	44.8
188	48.5
189	46.9
190	41.7
191	39
192	37.3
193	37
194	36.9
195	37.2
196	37.1
197	36.9
198	36
199	35.3
200	34.8
201	35
202	36.2
203	37.4
204	39.7
205	41.5
206	42.3
207	42.1
208	42.1
209	43.2
210	45.7
211	49.9
212	49.1
213	45.2
214	44
215	43.5
216	43.7
217	44.7
218	45.6
219	48.2
220	53.8
221	60.2
222	50.7
223	47.5
224	44.4
225	42.8
226	41.6
227	40.7
228	40.8
229	42.2
230	43.6
231	44
232	43.6
233	43.5
234	44.6
235	47.7
236	52.3
237	55.3
238	54.3
239	48.7
240	45.7
241	43.7
242	41.9
243	40.7
244	40.3
245	40.1
246	40.5
247	41.4
248	42.8
249	45.1
250	48.6
251	52.9
252	52
253	49.7
254	48.7
255	48.5
256	50.9
257	53.8
258	66.5
259	54.9
260	47.9
261	44.5
262	42.4
263	40.6
264	40
265	39.6
266	39.2
267	39.3
268	38.8
269	38.5
270	38.1
271	37.8
272	37.4
273	36.8
274	36.2
275	35.5
276	34.9
277	34.5
278	34.2
279	34
280	34
281	33.9
282	34
283	34.2
284	34.4
285	34.5
286	34.6
287	34.8
288	34.8
289	34.8
290	34.9
291	34.9
292	34.9
293	34.8
294	34.6
295	34.6
296	34.5
297	34.4
298	34.5
299	34.3
300	34.4
301	34.5
302	34.7
303	34.6
304	34.6
305	34.6
306	34.6
307	34.6
308	34.8
309	34.5
310	34.2
311	33.9
312	33.6
313	33.2
314	32.8
315	32.5
316	32.2
317	32
318	32.1
319	32.4
320	32.7
321	33.1
322	33.8
323	35
324	36.9
325	39.5
326	42
327	40.6
328	36.4
329	33.3
330	31.1
331	30
332	29.8
333	30.6
334	32.6
335	37.8
336	41.4
337	36.2
338	31.3
339	29.8
340	29.5
341	31.1
342	35.3
343	36.9
344	31.9
345	28
346	26.2
347	25.9
348	26.6
349	27.8
350	27.8
351	26.3
352	25.3
353	24.8
354	21.8
355	16.4
356	11.4
357	7.9
358	5
359	2.9

